3 0.3094276730936174 0.47074924055455997 0.009335970378978218 0.009097833997945773
4 0.31692153007722934 0.4390509842869975 0.0087883798086723 0.009349221516309864
3 0.3741488491825129 0.4704710176721572 0.007973463301919352 0.0070105993454694015
5 0.41275010525643596 0.47883950737975467 0.0061342113067002655 0.007382014428157504
1 0.4110711860374465 0.4550976406721101 0.005465271916068031 0.006067860865673348
2 0.4972284868604922 0.4191575172499516 0.006207164031371804 0.008969881279690952
0 0.5498968754797641 0.41347560511883347 0.005694343471536883 0.006715637990588661
5 0.49496492290810884 0.5327364268905845 0.006029401518197232 0.007612628722095259
0 0.5543196120212248 0.5014094144968982 0.005988275200658331 0.007358616752299349
4 0.6875463993755876 0.47450764579919796 0.006805787173444457 0.008367019788724832
