1 0.23664529554561167 0.45322754774885 0.012266866618337459 0.009814839083657106
3 0.2645861322179888 0.5096146894837044 0.01171243316194559 0.008938423611898685
4 0.2789522582913411 0.4313709594452167 0.010315319656329187 0.008550806777428619
2 0.306667969037661 0.5202247710107698 0.009948512505026095 0.007715270907112454
5 0.35295606774773064 0.44200719036319114 0.0074875679358683556 0.007913479564204167
1 0.36668281732070845 0.4489515578807637 0.00791647590825487 0.009418275826852958
3 0.37897877682048714 0.509776400646582 0.006297634080902768 0.007620404645202754
2 0.4973143886782033 0.41919775785112234 0.006173260798189242 0.008019700766407643
0 0.5498392923237705 0.41377607461116 0.005947765520852641 0.006065220023732891
0 0.5545377554435589 0.5009713675849621 0.005344849026561178 0.0070105993454694015
4 0.5971626265143013 0.43656285545791773 0.006365434349303172 0.008452134455826439
5 0.4952178256401043 0.5323522879931445 0.005901116379512672 0.007184952951191121
