5 0.49541700033940733 0.5324533392873712 0.005912297637152854 0.007884144572641513
0 0.5542456479420893 0.5012487235287695 0.005165112467591634 0.006198984952190512
4 0.5968766682575519 0.43723120296774565 0.005704670369632189 0.0067086372976287514
0 0.5499434746006828 0.4136344634334238 0.0050689531480733055 0.006408386579254426
2 0.4971869286759174 0.4199980506945354 0.005412806630189095 0.0063870915822924704
1 0.3667089736047652 0.449488350338277 0.005762128620985934 0.006877083124776248
5 0.35315397505787954 0.4424650266249852 0.0056721115038433825 0.006644879746280736
3 0.379021354210461 0.509611610543683 0.005661377172670815 0.006306218023166137
3 0.30766123935938516 0.5212985834012158 0.006571535688395009 0.0071168205476734425
4 0.27953408124875007 0.4311414792394427 0.009120494985711897 0.00881635978293818
