4 0.23879916293282202 0.5140558216549289 0.013421863799934144 0.007913479564204025
1 0.30977253432330976 0.4550927865511775 0.009399287408855983 0.00865702797963273
2 0.33676673026378084 0.5134606740571407 0.009051702050130856 0.010573837855769952
3 0.3525098706644351 0.48934680414951176 0.007443650890210734 0.007980556138548565
5 0.40166572298118025 0.5061041717766233 0.005715289558925376 0.006583958814302924
3 0.40078196882202166 0.4417806843574595 0.0067816334106121446 0.00862221760875414
2 0.49765084442452007 0.4197257065220623 0.005430164562082567 0.006999218073204645
5 0.5406003540308802 0.43171872443818515 0.00449631585032364 0.007434928333433674
0 0.615402015227648 0.45734909313980615 0.005685366576941746 0.007382014428157505
4 0.600757534536993 0.5182758600620406 0.0031872832492720092 0.005383254985611779
4 0.6292088243450279 0.5072358668604684 0.005695330929942344 0.006484804394559234
