1 0.36675069284433 0.44932219073559965 0.006901844830246802 0.007135132836117819
5 0.3530669257748542 0.4421243403945095 0.005666844356812817 0.006763981055143233
4 0.27900318292406784 0.43141706485678805 0.011903241643579605 0.009703837927353902
0 0.5541940715869847 0.5008332651018711 0.0050072608333149304 0.006241197171394005
4 0.5971136462644587 0.43646183694215346 0.006168499431022596 0.008052358398980032
0 0.5498334988335295 0.41424523143694303 0.00523473447501516 0.006329080172578827
3 0.49709736178150066 0.4200144522121795 0.006317137971528328 0.007365373976129839
3 0.3786811443274993 0.5100921617179643 0.005924750432812971 0.006013349050396286
3 0.23661287618774376 0.45352500151986314 0.011132181456141501 0.008611352862685972
3 0.2643480038661626 0.5103455317070811 0.010426836625586638 0.006835334361831935
5 0.49496012312557197 0.5324761107080698 0.006264864022936222 0.007390340143348923
2 0.3070881330014337 0.5194208067950327 0.008537375979490421 0.0066802955415241885
