1 0.2366284224041845 0.45360428080464893 0.011289125021200093 0.008778611752403407
4 0.27915894885813486 0.43107778621916987 0.012266866618337424 0.009172200810322408
3 0.2644561475596949 0.5102153137958186 0.014111365255356141 0.008086960031643784
2 0.30753496690066906 0.5188024485026514 0.010204499668129472 0.007931441569496727
3 0.3532606756345063 0.4422560879039783 0.007274276920287203 0.007330140813257096
1 0.36689860884237563 0.44956137184451905 0.006734466325295938 0.007628613612837883
3 0.3785555083937002 0.5095281120809101 0.006714717157188019 0.007681285283353105
5 0.49520666747397213 0.5324134376406697 0.005865502928484787 0.007483766518923858
0 0.5549192099686276 0.5010478899380022 0.004970677172532732 0.00689229848329191
2 0.4973062070549372 0.41959730043666754 0.0059905809931775165 0.008383574223545267
0 0.549736208616359 0.4135959818749157 0.0056383776206430265 0.005912272114679169
4 0.596936613574296 0.436206766714808 0.005990580993178135 0.0072423546957330436
