1 0.23655701903996834 0.4532457047084577 0.01113748249492982 0.009408866959893274
3 0.2645390808156455 0.5097342089382736 0.0131941265137584 0.010537930995079632
4 0.2793215506771898 0.431452011126984 0.01292402018717695 0.010106947389718427
5 0.3511063011927527 0.44138363550534193 0.01098989520136108 0.008633510731702643
1 0.36666547088292634 0.4496849163861827 0.007690948261978505 0.008837971260872024
2 0.30676084247550406 0.5202319782173609 0.010235664678288075 0.008285253771918306
3 0.3788243686733719 0.5095845880530351 0.007421454304094155 0.007281091636882096
5 0.49494663927859933 0.5323938996536728 0.006392637060197484 0.006964848993643041
3 0.4974019224708741 0.4196758959938995 0.005894468375045999 0.00764792655869382
0 0.5544125873517384 0.5009658804222377 0.006352649075182768 0.008164108929735221
0 0.5498271242293477 0.41414146416518816 0.005612055271081218 0.0070975076018181225
4 0.5969040252587865 0.4360726063788995 0.006747632437370327 0.008515253399831337
