0 0.24818550668908337 0.5073122479216642 0.009085705438748981 0.005804040828035184
1 0.3770233165808799 0.5257324195677751 0.0055407570106892476 0.007639153173406897
3 0.30957047224107836 0.4254568574784733 0.009807398852472496 0.009408866959893274
0 0.43264311425543384 0.43816786013134035 0.005125797836948109 0.007010599345469545
0 0.45335699255275086 0.498711646245932 0.005141312359052606 0.005658939807334491
2 0.49723500378155366 0.41998116349369646 0.005481274107452449 0.006765053103394295
5 0.5403515710791343 0.4323972795354966 0.005195717780841491 0.005876591338385779
5 0.5689451152457993 0.41644015979654386 0.00468769545772183 0.0076532376188040985
3 0.5067857460829532 0.5077941907548155 0.005326290793134874 0.006504153252917106
4 0.621795620808405 0.43046773735581584 0.005176675883215509 0.007382014428157362
1 0.6131062206933796 0.5026430531638304 0.0055529500751503 0.006505562291755484
4 0.7017289033354328 0.4335112173313959 0.006283826216619985 0.006145028226682356
