1 0.2371241860402061 0.45319625893546606 0.011614094073290176 0.010217948546021632
4 0.2791116884580935 0.4306587508542535 0.01203335805020977 0.010603531510022392
3 0.26382682358771137 0.5101404493743815 0.0132516918013917 0.009173649281261546
2 0.30778283493342184 0.5206452382863144 0.011390661859884759 0.007886924263653085
5 0.35271392907673593 0.44173975856187125 0.007885842826074033 0.007594815957591815
1 0.3665164590086196 0.45010795607809634 0.007527395424890409 0.009506797597263236
3 0.3784976547684417 0.5098960246985849 0.007603429722109993 0.007286247754494966
5 0.4953291642820914 0.5324842722764097 0.007071478564599971 0.008312511516485585
2 0.49715490530564 0.41988734070589717 0.005558545999014333 0.006964869240164302
0 0.5547131496107702 0.5013809085932301 0.005326290793137706 0.006464250472224761
0 0.5500961917831703 0.4132368697592972 0.005170763227872115 0.00677537823933875
4 0.5969531230007528 0.4360960723508851 0.00674447377548546 0.009233701317328808
