1 0.23670237315466028 0.4536529370880356 0.011715295722891454 0.009189727308686103
3 0.2650481909584047 0.5104428030606007 0.01351187246368444 0.010914285673476045
2 0.307296950043021 0.518493600828898 0.01055388631556285 0.007775923107350225
4 0.2791296266645862 0.4313412605251785 0.01171529572289149 0.00904834688855246
5 0.35302620308105714 0.4424108735112607 0.0068822858562979415 0.008415859200651283
1 0.3666283972584995 0.4493755894029998 0.007050381588889536 0.008200064367750741
3 0.37877685140809825 0.5098636346325182 0.007622981398538258 0.008996935826685615
5 0.49509862769479424 0.5324399397754336 0.0069243264094983915 0.007288028539748978
2 0.4972390948744125 0.4192891881041952 0.005822490418012407 0.007639153173406968
0 0.5546949664281633 0.5012916815660721 0.005794177420519587 0.007363876800569855
4 0.5969996448229683 0.4361351945519084 0.007447740446847817 0.008938514165473421
0 0.5499016220316918 0.41401644421286776 0.00597571645264722 0.005848008287345791
